% Monthly case reports for measles (1st column)
% and chickenpox (2nd column) in NYC, 1928-1963. 

609   757   1928
1516   873   1928.083
4952   1049   1928.167
7466   706   1928.25
11155   716   1928.333
7002   558   1928.417
1315   201   1928.5
189   45   1928.583
74   39   1928.667
119   293   1928.75
287   682   1928.833
324   1163   1928.917
288   1171   1929
241   954   1929.083
347   1465   1929.167
378   1325   1929.25
498   1351   1929.333
324   1038   1929.417
151   214   1929.5
69   66   1929.583
44   43   1929.667
42   193   1929.75
34   466   1929.833
121   975   1929.917
316   1034   1930
781   1002   1930.083
1870   1179   1930.167
5309   1129   1930.25
7499   927   1930.333
5386   777   1930.417
1386   168   1930.5
211   46   1930.583
107   66   1930.667
128   152   1930.75
219   560   1930.833
423   861   1930.917
750   956   1931
2010   927   1931.083
4858   1585   1931.167
6172   1536   1931.25
7095   1448   1931.333
4238   1272   1931.417
907   303   1931.5
165   68   1931.583
43   62   1931.667
54   116   1931.75
93   275   1931.833
134   565   1931.917
146   922   1932
270   928   1932.083
621   925   1932.167
1096   1121   1932.25
2271   1282   1932.333
2537   1142   1932.417
1081   411   1932.5
288   114   1932.583
118   82   1932.667
149   220   1932.75
594   646   1932.833
1183   1069   1932.917
1960   1320   1933
4699   1473   1933.083
9635   2305   1933.167
9573   2094   1933.25
6605   1694   1933.333
2697   1043   1933.417
601   390   1933.5
139   127   1933.583
50   56   1933.666
55   148   1933.75
71   426   1933.833
131   890   1933.916
133   1500   1934
168   1442   1934.083
431   1799   1934.166
652   1556   1934.25
1414   1926   1934.333
1317   1635   1934.416
422   379   1934.5
95   90   1934.583
47   68   1934.666
45   210   1934.75
86   667   1934.833
205   905   1934.916
508   1124   1935
1576   1192   1935.083
4357   1850   1935.166
6630   1941   1935.25
6813   1505   1935.333
5182   1016   1935.416
1975   429   1935.5
358   58   1935.583
67   78   1935.666
136   251   1935.75
333   605   1935.833
555   817   1935.916
1426   970   1936
4054   860   1936.083
7376   977   1936.166
8792   1143   1936.25
8247   920   1936.333
4738   940   1936.416
1443   426   1936.5
213   193   1936.583
87   99   1936.666
99   186   1936.75
154   525   1936.833
219   1085   1936.916
235   1220   1937
365   1157   1937.083
1075   1974   1937.166
2253   2301   1937.25
3546   2277   1937.333
3058   1746   1937.416
880   413   1937.5
247   129   1937.583
84   78   1937.666
90   160   1937.75
136   448   1937.833
122   820   1937.916
519   1154   1938
1585   1277   1938.083
5743   1841   1938.166
10018   1981   1938.25
8634   1304   1938.333
6253   1288   1938.416
1231   387   1938.5
239   114   1938.583
75   97   1938.666
26   278   1938.75
110   604   1938.833
171   787   1938.916
224   1010   1939
219   968   1939.083
361   1195   1939.166
517   1200   1939.25
969   1218   1939.333
738   1183   1939.416
274   334   1939.5
110   145   1939.583
36   66   1939.666
54   252   1939.75
60   536   1939.833
91   966   1939.916
90   1624   1940
207   1626   1940.083
268   1603   1940.166
533   1740   1940.25
1365   1900   1940.333
1906   1424   1940.416
1269   711   1940.5
307   191   1940.583
151   135   1940.666
354   302   1940.75
1050   612   1940.833
2996   1178   1940.916
6336   1409   1941
13226   1218   1941.083
25826   1543   1941.166
22741   1477   1941.25
8195   987   1941.333
2527   935   1941.416
436   495   1941.5
100   126   1941.583
63   109   1941.666
67   197   1941.749
55   397   1941.833
74   880   1941.916
137   1097   1941.999
169   1142   1942.083
233   1652   1942.166
404   1800   1942.249
557   1941   1942.333
387   1419   1942.416
127   444   1942.499
60   136   1942.583
34   70   1942.666
45   171   1942.749
49   424   1942.833
59   660   1942.916
232   1050   1942.999
877   1177   1943.083
2174   1559   1943.166
3855   1513   1943.249
5724   1371   1943.333
5760   1042   1943.416
1759   205   1943.499
453   67   1943.583
142   83   1943.666
300   143   1943.749
676   469   1943.833
1675   611   1943.916
2567   745   1943.999
5242   1039   1944.083
8498   1389   1944.166
5458   1284   1944.249
2779   1288   1944.333
1151   871   1944.416
182   299   1944.499
63   87   1944.583
21   89   1944.666
26   155   1944.749
30   446   1944.833
31   749   1944.916
60   1037   1944.999
82   1080   1945.083
171   1289   1945.166
207   1211   1945.249
221   1076   1945.333
358   1080   1945.416
194   372   1945.499
68   132   1945.583
18   78   1945.666
79   133   1945.749
181   203   1945.833
231   214   1945.916
809   347   1945.999
2022   407   1946.083
5014   780   1946.166
6597   1182   1946.249
4759   1082   1946.333
2191   899   1946.416
596   479   1946.499
107   123   1946.583
68   86   1946.666
56   180   1946.749
75   326   1946.833
114   695   1946.916
254   1235   1946.999
379   1399   1947.083
669   1854   1947.166
1141   2406   1947.249
1682   2026   1947.333
1613   1378   1947.416
854   522   1947.499
202   136   1947.583
88   76   1947.666
174   109   1947.749
234   259   1947.833
625   521   1947.916
1709   996   1947.999
3319   1174   1948.083
6807   1751   1948.166
6909   1554   1948.249
5481   1428   1948.333
3548   1308   1948.416
802   438   1948.499
159   150   1948.583
64   88   1948.666
32   151   1948.749
47   395   1948.833
83   781   1948.916
169   1389   1948.999
390   2059   1949.083
629   3058   1949.166
693   2589   1949.249
1008   1488   1949.333
960   1048   1949.416
454   253   1949.499
234   82   1949.583
133   79   1949.666
100   125   1949.749
214   226   1949.833
483   470   1949.916
1055   936   1949.999
1930   1026   1950.082
3776   1244   1950.166
4777   935   1950.249
5428   1079   1950.332
3440   884   1950.416
1012   349   1950.499
232   144   1950.582
73   79   1950.666
89   260   1950.749
90   445   1950.832
88   592   1950.916
282   1427   1950.999
381   1545   1951.082
549   1951   1951.166
1079   2200   1951.249
1915   1964   1951.332
1770   1284   1951.416
948   523   1951.499
380   142   1951.582
184   93   1951.666
246   148   1951.749
515   198   1951.832
1360   374   1951.916
3707   915   1951.999
6441   963   1952.082
8616   1154   1952.166
7754   1393   1952.249
4945   1227   1952.332
2288   1158   1952.416
478   478   1952.499
75   84   1952.582
40   44   1952.666
68   113   1952.749
57   331   1952.832
146   1052   1952.916
224   1747   1952.999
246   1796   1953.082
334   2625   1953.166
518   2411   1953.249
645   1877   1953.332
600   1052   1953.416
522   543   1953.499
215   110   1953.582
164   67   1953.666
209   124   1953.749
318   160   1953.832
1122   430   1953.916
2443   726   1953.999
4876   1101   1954.082
10154   1769   1954.166
10720   1599   1954.249
6136   1035   1954.332
4699   988   1954.416
1335   424   1954.499
249   147   1954.582
63   76   1954.666
59   105   1954.749
115   281   1954.832
188   524   1954.916
364   1044   1954.999
603   1247   1955.082
1305   2023   1955.166
1853   1903   1955.249
1865   1653   1955.332
1797   1247   1955.416
760   372   1955.499
245   107   1955.582
103   75   1955.666
98   94   1955.749
242   224   1955.832
477   487   1955.916
594   989   1955.999
1242   1639   1956.082
2461   1991   1956.166
4336   1905   1956.249
6064   1846   1956.332
4247   1381   1956.416
1419   451   1956.499
441   176   1956.582
110   83   1956.666
169   150   1956.749
188   272   1956.832
375   550   1956.916
823   798   1956.999
789   902   1957.082
949   1316   1957.166
1287   1443   1957.249
1949   1102   1957.332
1840   705   1957.416
845   272   1957.499
335   119   1957.582
176   106   1957.666
170   72   1957.749
231   115   1957.832
832   337   1957.916
1878   677   1957.999
3544   885   1958.082
6410   1142   1958.165
7634   1590   1958.249
4832   1355   1958.332
2594   1198   1958.415
893   565   1958.499
204   136   1958.582
86   89   1958.665
58   115   1958.749
47   174   1958.832
92   477   1958.915
199   741   1958.999
323   1034   1959.082
537   1401   1959.165
683   1316   1959.249
716   1056   1959.332
753   882   1959.415
567   506   1959.499
174   136   1959.582
144   80   1959.665
97   62   1959.749
187   149   1959.832
837   368   1959.915
2070   683   1959.999
4097   993   1960.082
6780   1205   1960.165
6492   1485   1960.249
3387   1349   1960.332
1822   1067   1960.415
469   369   1960.499
129   173   1960.582
51   95   1960.665
43   113   1960.749
78   175   1960.832
105   335   1960.915
227   619   1960.999
298   691   1961.082
374   1022   1961.165
384   858   1961.249
644   953   1961.332
683   913   1961.415
343   332   1961.499
185   127   1961.582
109   82   1961.665
123   62   1961.749
383   147   1961.832
1043   384   1961.915
1725   711   1961.999
3056   928   1962.082
5839   1152   1962.165
7875   1134   1962.249
6555   1277   1962.332
2866   961   1962.415
1075   509   1962.499
266   173   1962.582
58   170   1962.665
86   193   1962.749
125   290   1962.832
145   415   1962.915
184   707   1962.999
260   724   1963.082
476   1105   1963.165
782   1065   1963.249
1200   938   1963.332
1289   755   1963.415
901   442   1963.499
362   170   1963.582
168   91   1963.665
221   150   1963.749
423   219   1963.832
1140   317   1963.915
