2.14 0.42
1.09 0.14
3.14 0.79
2.95 0.69
2.45 0.49
2.62 0.53
2.43 0.54
1.37 0.29
3.64 0.58
3.09 0.37
4.29 0.1
0.915 0.62
2.81 0.58
3.155 0.3
1.02 0.13
2.84 0.36
2.34 0.82
0.49 0.26
1.02 0.47
3 0.84
4.39 0.68
0.85 0.43
0.75 0.29
3.17 0.2
2.71 0.79
3 0.82
0.88 0.07
4.37 0.21
0.73 0.46
0.66 0.29
3.49 0.31
2.17 0.22
3.79 0.45
2.7 0.57
0.47 0.56
0.91 0.05
3.45 0.36
1.06 0.35
2.94 0.37
2.75 0.28
3.41165 0.4404762
0.99 0.15
0.89 0.16
4 0.29
2.44 0.56
0.8 0.67
1.64 1
1.97 0.38
2.2 0.43
2.65 0.72
4.75 0.49
0.73 0.17
2.01 0.41
3.28 0.3
2.79 0.34
0.895 0.7
3.29215 0.3720044
0.85 0.09
1.11 0.09
0.955 0.66
3.63 0.56
1.53 0.35
3.27 0.3
1.13 0.55
0.52 0.26
1.62 0.52
4.27 1
0.8 0.07
2.83 0.34
2.9 0.8
2.495 0.4
2.27 0.93
1.81 0.48
3.1 0.66
0.58 0.1
1.67 0.41
1.85 0.71
2.18 0.9
3.65 0.48
3.71 0.93
1.595 0.46
2.9 0.39
1.4 0.92
1.7 0.53
2.76 0.43
3.11 0.62
1.61 0.35
2.8 0.81
3.15 0.4
3.22 0.6
1.53 0.42
2.19 0.58
3.42 0.59
3.7 0.4
4.19 0.83
3.19 0.49
2.62 0.49
0.76 0.37
0.99 0.17
3.91 1.5
5.22 0.62
0.59 0.12
3.3 0.25
2.4 0.33
0.88 0.15
3.57 0.32
0.79 0.1
2.93 0.62
0.36 0.56
1.075 0.59
1.79 0.41
1.76 0.43
2.76 1.58
2.88 0.07
3.42 1.47
3.89 0.42
4.34 0.1
1.82 0.31
2.23 1.03
3.35 0.4
3.01 0.51
3.16 0.45
1.98 0.47
3.59 0.57
0.32 0.45
2.73 0.85
2.72 0.55
4.28 0.45
4.37 1.13
2.54 0.29
3.37 0.66
2.86 0.79
1.24 0.52
4.14 0.55
0.98 0.11
1.04 0.51
1.28 1.01
2.99 0.43
3.77 0.58
0.97 0.13
1.1 0.34
3.49 0.38
0.94 0.49
3.51 0.29
0.82 0.34
2.61 0.49
3.15 0.32
0.65 0.16
2.17 0.41
1.22 0.58
0.54 0.34
0.95 0.07
0.8 0.09
0.51 0.14
3.24 0.74
2.36 0.24
2.82 0.55
1.49 0.07
3.81 0.38
2.51 0.79
2.41 0.57
3.27 0.52
3.43 0.52
3.88 0.45
2.76 0.4
2.79 0.43
3.1 0.74
1.95 0.86
2.81 0.49
0.6 0.12
3.93 0.96
3.92 0.43
1.29 0.15
1.16 0.6
0.68 0.11
0.99 0.93
0.44 0.13
0.49 0.27
3.15 0.26
0.97 0.21
4.31 0.42
3.75 1.04
1.86 0.52
1.15 0.11
2.94 0.31
1.14 0.08
0.23 0.37
3.25 1.35
2.515 0.77
2.38 0.52
1.51 0.53
2.23 0.51
0.75 0.53
3.79 0.47
0.74 0.11
1.14 0.66
2.5 0.5
2.89 0.27
2.14 0.43
2.57 0.48
